2.476531394400226793e-01 1.663786426446015598e-01 1.281184425075670985e-01 1.915968519870282771e-01 2.662529234207803297e-01
2.512486764383933813e-01 1.703388873557591110e-01 1.286442853788689056e-01 1.894248578211207013e-01 2.603432930058577899e-01
2.741096956506985927e-01 1.703277642593529762e-01 1.241817356557445851e-01 1.808891259067042512e-01 2.504916785274991509e-01
2.813262173643938380e-01 1.570092615530805646e-01 1.225331596389605399e-01 1.891616911878049589e-01 2.499696702557604733e-01
2.337470654800454239e-01 1.643366108941583803e-01 1.241107523299873061e-01 1.932497676746754989e-01 2.845558036211331965e-01
2.447737181640669002e-01 1.606461059996726337e-01 1.286950428890075437e-01 1.976865610674163054e-01 2.681985718798370333e-01
2.628854313928638553e-01 1.593411606023202864e-01 1.251174056758162512e-01 1.849569744525620396e-01 2.676990278764376785e-01
2.325363760297356197e-01 1.662153050952076827e-01 1.285013464869884658e-01 2.000026746439275138e-01 2.727442977441411620e-01
2.860803898721934191e-01 1.659961053263478981e-01 1.245911780743954311e-01 1.838418733419014128e-01 2.394904533851615891e-01
2.271229868322001133e-01 1.649374665765034609e-01 1.291359799821778787e-01 1.991933181957795118e-01 2.796102484133386468e-01
2.482003369049157471e-01 1.699535544108262131e-01 1.241389667102890115e-01 1.932952059482994089e-01 2.644119360256693141e-01
2.530085662625290444e-01 1.564741241193441379e-01 1.192983964805438141e-01 1.889236542289672860e-01 2.822952589086152320e-01
2.589472845374007903e-01 1.639141550483342868e-01 1.305848072711890406e-01 1.937202878823052754e-01 2.528334652607704403e-01
2.477033776263540543e-01 1.634626485173477084e-01 1.286035266709170399e-01 2.007897694067968530e-01 2.594406777785844831e-01
2.383435640423509361e-01 1.693618275445276100e-01 1.312342052859828412e-01 1.972168683049026483e-01 2.638435348222358257e-01
2.449724339893200875e-01 1.622719784440142254e-01 1.308423642443801160e-01 1.950370357828501156e-01 2.668761875394352612e-01
2.620587234534739740e-01 1.533264913413741326e-01 1.229806121004310276e-01 1.881250666030495344e-01 2.735091065016714840e-01
2.546998754470757853e-01 1.572675995840404073e-01 1.200469706161693129e-01 1.936163174592228919e-01 2.743692368934916304e-01
2.559723597692092345e-01 1.663555600494748543e-01 1.287776650858306893e-01 1.870448804473276438e-01 2.618495346481575226e-01
2.699122359363451684e-01 1.680667770707895692e-01 1.317679418690697046e-01 1.889178371467846451e-01 2.413352079770107461e-01
2.306362845310021004e-01 1.651029598342768911e-01 1.252743239428913691e-01 1.981122166206260304e-01 2.808742150712039143e-01
2.387995011157300340e-01 1.606574534922762532e-01 1.277842278747106375e-01 1.991916131985027871e-01 2.735672043187798996e-01
2.404160282880254129e-01 1.647067804635125310e-01 1.295011556113398743e-01 1.949290600761666714e-01 2.704469755609555937e-01
2.436457948196120438e-01 1.662902891485004697e-01 1.288486604688484360e-01 1.929356542102367011e-01 2.682796013528030432e-01
2.564585072704416713e-01 1.642937935792684878e-01 1.235069189415805568e-01 1.870151622623428544e-01 2.687256179463665684e-01
2.582413172400389034e-01 1.767444234946753678e-01 1.316297853704633813e-01 1.809188661622221639e-01 2.524656077326002945e-01
2.461456954449853518e-01 1.593340720324991910e-01 1.246895406883189034e-01 1.900311787760918802e-01 2.797995130581045209e-01
2.242255998848409204e-01 1.575078194376024476e-01 1.308352327674508209e-01 2.080466548420298878e-01 2.793846930680757845e-01
2.359494337481645998e-01 1.661911652955665730e-01 1.273202966203887954e-01 1.935966673336355914e-01 2.769424370022443571e-01
2.699281781029501115e-01 1.703505552408567103e-01 1.216012034569369238e-01 1.831522813989365228e-01 2.549677818003198149e-01
2.788580545000153288e-01 1.651449057214103844e-01 1.236695909092325463e-01 1.832219833618378146e-01 2.491054655075044810e-01
2.505999099792133311e-01 1.614243230370054072e-01 1.288343160933565212e-01 1.958993686502430720e-01 2.632420822401821958e-01
2.508607011004303500e-01 1.643124153939571896e-01 1.271406938555251775e-01 1.890538302761013700e-01 2.686323593739855520e-01
2.457880178429296680e-01 1.753392584115858188e-01 1.277783143718160541e-01 1.925267046923825609e-01 2.585677046812854263e-01
2.349362226693013089e-01 1.600749609307390298e-01 1.259404563084570161e-01 1.973583211075609911e-01 2.816900389839420704e-01
2.487825600235022139e-01 1.612470725401121963e-01 1.245734077576326759e-01 1.914413612837273515e-01 2.739555983950251461e-01
2.421539108199510792e-01 1.614791594467895886e-01 1.282195198091195532e-01 1.879244187573553548e-01 2.802229911667846740e-01
2.686269578413928438e-01 1.715605962231396553e-01 1.253164963715134306e-01 1.854009605346403911e-01 2.490949890293137903e-01
2.421657092425162083e-01 1.596523146312738006e-01 1.253157141112112294e-01 1.910559644206312191e-01 2.818102975943674871e-01
2.674308784477212875e-01 1.618451005946992538e-01 1.281833854000658524e-01 1.957577274002564871e-01 2.467829081572572303e-01
2.391149119169886095e-01 1.604351589708187809e-01 1.321366061310928486e-01 1.995913071785860582e-01 2.687220158025133698e-01
2.589472207592720676e-01 1.633316670638182699e-01 1.270312719513845001e-01 1.885551753607200842e-01 2.621346648648049671e-01
2.802811816073095819e-01 1.488659892390932216e-01 1.207149083714667698e-01 1.857897817599185597e-01 2.643481390222117700e-01
2.446080293559248497e-01 1.632120901050844730e-01 1.264642486486973194e-01 1.939354730172190011e-01 2.717801588730743845e-01
2.518844512984672601e-01 1.585959458264682709e-01 1.259710937878887049e-01 1.935515636637225589e-01 2.699969454234532051e-01
2.643666681655298389e-01 1.646833256969851833e-01 1.242265731597433920e-01 1.916790960408625288e-01 2.550443369368787794e-01
2.591898298870639050e-01 1.554653541661144278e-01 1.209656631097835860e-01 1.895544978657265622e-01 2.748246549713120879e-01
2.393147189476842185e-01 1.689984796309032811e-01 1.284762547715266878e-01 1.865470783072145644e-01 2.766634683426707486e-01
2.726211055797862493e-01 1.605091416287200701e-01 1.276382741358254302e-01 1.832217344261021785e-01 2.560097442295656278e-01
2.560807597095602905e-01 1.558857603731967911e-01 1.249435808781108881e-01 1.935404554157033052e-01 2.695494436234289193e-01
2.712013325422256149e-01 1.633001971729830804e-01 1.246909219946253922e-01 1.843020815707120952e-01 2.565054667194543447e-01
2.589677478152610512e-01 1.751738489763859374e-01 1.297102595656153268e-01 1.916852683789825595e-01 2.444628752637549307e-01
3.117045146670923694e-01 1.527685912538535584e-01 1.215399109609652945e-01 1.758809647633201023e-01 2.381060183547689113e-01
2.663315711567859623e-01 1.617137529314782995e-01 1.285285954549683640e-01 1.925903473602750549e-01 2.508357330964920973e-01
2.570168581488809223e-01 1.599928560704689251e-01 1.231114866597591145e-01 1.889309007291700704e-01 2.709478983917210648e-01
2.664214932344015074e-01 1.627893419393756369e-01 1.193198271823122381e-01 1.894897302249464732e-01 2.619796074189640889e-01
2.346602193195986008e-01 1.616212740808639636e-01 1.292391573091153933e-01 2.009454086549764817e-01 2.735339406354453384e-01
2.526223550045831323e-01 1.734311650289242501e-01 1.326337832271255734e-01 1.927428077276555352e-01 2.485698890117114812e-01
2.364968078457224676e-01 1.717099251789549197e-01 1.297588332887301410e-01 1.964938802716491573e-01 2.655405534149438695e-01
2.434525398068358160e-01 1.617169134785132467e-01 1.259580458058658647e-01 1.886536077857850768e-01 2.802188931230001345e-01
2.529615595088250402e-01 1.657463135937858045e-01 1.262302157255751345e-01 1.910884801033310987e-01 2.639734310684834218e-01
2.184446839471846091e-01 1.631360450174048071e-01 1.330790404137686955e-01 2.059030514501253850e-01 2.794371791715166142e-01
2.744186380522309343e-01 1.624086735046263164e-01 1.291786980605020563e-01 1.920388889811528166e-01 2.419551014014872381e-01
2.737260657105581863e-01 1.677840893426074120e-01 1.225235733322779519e-01 1.800348542935842622e-01 2.559314173209722987e-01
2.669832893366678173e-01 1.562579243874909762e-01 1.259201564317594391e-01 1.916667914346551760e-01 2.591718384094272021e-01
2.406352807911911751e-01 1.625652116395798485e-01 1.270155739049840804e-01 1.962844568738739970e-01 2.734994767903710100e-01
2.502680327452433406e-01 1.702828585958014729e-01 1.315495188720751940e-01 1.904366675233425399e-01 2.574629222635377301e-01
2.439945519819003428e-01 1.575721362245844359e-01 1.248814926774820810e-01 1.938308137484480165e-01 2.797210053675850405e-01
2.413320095298924495e-01 1.616895723472590585e-01 1.314014963089535359e-01 1.965316031567029553e-01 2.690453186571914457e-01
2.178611993489317500e-01 1.542240288169267892e-01 1.294279044612726415e-01 2.066428879122935713e-01 2.918439794605755533e-01
2.686220358777118844e-01 1.585883156397044913e-01 1.274542988287574452e-01 1.940839353885953633e-01 2.512514142652307880e-01
2.267339691999762652e-01 1.689980722346237918e-01 1.374804834697150868e-01 2.019062769903949006e-01 2.648811981052900943e-01
2.363129141837675973e-01 1.678530482140520586e-01 1.316346313228482223e-01 1.931365691532787032e-01 2.710628371260538350e-01
2.803438179697357313e-01 1.555640683665382162e-01 1.172706833939441418e-01 1.829289908003290110e-01 2.638924394694531217e-01
2.341112894433533542e-01 1.603241672914693661e-01 1.296023742588739147e-01 2.019762392924528971e-01 2.739859297138507732e-01
2.220748787280942826e-01 1.597176315825978021e-01 1.298256151153056592e-01 2.022005911456411786e-01 2.861812834283605778e-01
2.590333907963129900e-01 1.589472765639386165e-01 1.194391313689530526e-01 1.883818795235830124e-01 2.741983217472124812e-01
2.789302460993173804e-01 1.559244704529772485e-01 1.193905750973404400e-01 1.837931709042941730e-01 2.619615374460711466e-01
2.637655573914127749e-01 1.608642320521723179e-01 1.277544322447520808e-01 1.907266152817216620e-01 2.568891630299414142e-01
2.483212722404395389e-01 1.648088068494892033e-01 1.329826027906222397e-01 2.039899897842068488e-01 2.498973283352423636e-01
2.481509041877025534e-01 1.591367170448371726e-01 1.268829830949454729e-01 1.942485169048766280e-01 2.715808787676380343e-01
2.430291183504426356e-01 1.591775010904742937e-01 1.240270370500363428e-01 1.967750445622007127e-01 2.769912989468458209e-01
2.404704242315142959e-01 1.589709524215239256e-01 1.298414921563416091e-01 2.000379185798638604e-01 2.706792126107562813e-01
2.365173512348973384e-01 1.637347387813148647e-01 1.360545989098430053e-01 1.970902000262322040e-01 2.666031110477129484e-01
2.351447970312423863e-01 1.632747833763592560e-01 1.337553183911541765e-01 2.000437020653330622e-01 2.677813991359113133e-01
2.698498346725463071e-01 1.619907314078408989e-01 1.269133768032885967e-01 1.872319458923875080e-01 2.540141112239370225e-01
2.335929013764301565e-01 1.639002994819232784e-01 1.282695978957260619e-01 2.025296028185590569e-01 2.717075984273615852e-01
2.522123032086848182e-01 1.699235675154573966e-01 1.245670443249720649e-01 1.903582767131959119e-01 2.629388082376896141e-01
2.455615860319534660e-01 1.590394623929805296e-01 1.253468844641123792e-01 1.976355427915561513e-01 2.724165243193977792e-01
2.360120382990212040e-01 1.720245372390442895e-01 1.265652231142145867e-01 1.904542962513676996e-01 2.749439050963521369e-01
2.561711807770956639e-01 1.627818983024204580e-01 1.270572958213977144e-01 1.896738606250870374e-01 2.643157644739989598e-01
2.494263506522401141e-01 1.570149730966363122e-01 1.265107428948980817e-01 1.933305429242904994e-01 2.737173904319352147e-01
2.826596049738988592e-01 1.558081122262656160e-01 1.195455191786774368e-01 1.848162297595042358e-01 2.571705338616538383e-01
2.651068126735422470e-01 1.585573958849462728e-01 1.208359681362898563e-01 1.853150431221871342e-01 2.701847801830345452e-01
2.368869500322332289e-01 1.600940085459139350e-01 1.306408943056094896e-01 1.990271939060999640e-01 2.733509532101439099e-01
2.357950454097326731e-01 1.617377128709613920e-01 1.314331213172001966e-01 1.983787763853560315e-01 2.726553440167495679e-01
2.580601143680155696e-01 1.600932082163800396e-01 1.252921561811742579e-01 1.830664048224337759e-01 2.734881164119963293e-01
2.725224412674628338e-01 1.859549172449530274e-01 1.268476299993606393e-01 1.837500639309901929e-01 2.309249475572335286e-01
2.801456043719594002e-01 1.653464649880382054e-01 1.237394489785011154e-01 1.860028231646831121e-01 2.447656584968178339e-01
2.390260464488008219e-01 1.693140291435912825e-01 1.272027375819762551e-01 1.865116426524210946e-01 2.779455441732104348e-01
2.462627195560392057e-01 1.568985717585658357e-01 1.254029609858963723e-01 1.944483107738272931e-01 2.769874369256712376e-01
