2.257923152155125734e-01 1.614095340965940040e-01 1.286062993301013146e-01 1.934028256920478639e-01 2.907890256657438277e-01
2.276072295572285908e-01 1.657374456229284421e-01 1.262812074090801651e-01 1.883621571219745439e-01 2.920119602887881194e-01
2.489949272362587951e-01 1.677116294461429014e-01 1.218745472853886014e-01 1.853597848752169541e-01 2.760591111569932754e-01
2.521413933692926990e-01 1.502602038311590671e-01 1.230373947684959973e-01 1.979858435914478854e-01 2.765751644396045039e-01
2.100510928312824543e-01 1.553359169428177866e-01 1.212105805238895828e-01 1.979473039170197290e-01 3.154551057849906970e-01
2.258953856156058482e-01 1.508894937619289778e-01 1.281619949888633814e-01 2.002019399054001114e-01 2.948511857282011817e-01
2.428664918902457559e-01 1.560632319502757714e-01 1.226237413598710579e-01 1.853949443024855426e-01 2.930515904971218166e-01
2.057526069043108530e-01 1.591415788074786175e-01 1.252683509783170945e-01 2.075278350423314100e-01 3.023096282675623581e-01
2.520415614595465925e-01 1.613392916193838733e-01 1.259621812365665505e-01 1.918420953738305401e-01 2.688148703106722492e-01
1.993623748232481174e-01 1.572398450863450314e-01 1.274875640305901947e-01 2.068399144570505221e-01 3.090703016027663286e-01
2.214437884903847353e-01 1.623434818204866348e-01 1.209777416874530526e-01 2.013063832496591876e-01 2.939286047520163203e-01
2.231451949778655020e-01 1.481522642388352906e-01 1.173273989365585940e-01 1.960730050784458556e-01 3.153021367682948828e-01
2.359765352474922084e-01 1.552452370426079253e-01 1.286749439565551267e-01 1.991217435477722064e-01 2.809815402055722555e-01
2.238146993218583791e-01 1.567915664147871702e-01 1.266600823172823465e-01 2.077819462296848774e-01 2.849517057163877820e-01
2.154737767460567222e-01 1.637064638933436733e-01 1.293606130480203509e-01 2.022297334033037186e-01 2.892294129092751187e-01
2.159709742323490111e-01 1.611118951907571095e-01 1.291795714719008448e-01 1.994383497554182705e-01 2.942992093495745420e-01
2.282009356211342765e-01 1.501465860453801426e-01 1.232974212053470908e-01 1.940483483134594900e-01 3.043067088146797494e-01
2.222721711376561826e-01 1.550957557750088645e-01 1.221560600337820157e-01 1.990749068434919111e-01 3.014011062100608318e-01
2.335452221597865974e-01 1.556590005493014295e-01 1.276715294857793670e-01 1.913387934665673196e-01 2.917854543385650090e-01
2.416082213699369818e-01 1.604743608386556275e-01 1.332834626555350621e-01 1.959504635370506176e-01 2.686834915988218220e-01
2.110598594763949121e-01 1.563578546848591322e-01 1.220262118271354945e-01 2.009142161855496655e-01 3.096418578260610177e-01
2.149774388536358216e-01 1.572029917886140771e-01 1.261942597235995445e-01 2.031252268193562971e-01 2.985000828147945096e-01
2.206141028312463559e-01 1.569730967606848271e-01 1.268114260512685776e-01 1.978212508376417100e-01 2.977801235191583906e-01
2.272458768897863690e-01 1.598215244173070981e-01 1.248463723363261030e-01 1.965313962799065950e-01 2.915548300766738765e-01
2.325805737664727035e-01 1.579666927852117764e-01 1.219841584100883614e-01 1.931208007582125297e-01 2.943477742800145180e-01
2.294099772173405216e-01 1.702149099359036577e-01 1.321774233164448309e-01 1.885076073713252420e-01 2.796900821589854425e-01
2.148369382919866621e-01 1.507361904898858185e-01 1.257938990999994400e-01 1.982943344748941128e-01 3.103386376432342719e-01
2.024507743220369249e-01 1.500122265758569440e-01 1.278946169453346049e-01 2.116012917530921411e-01 3.080410904036798847e-01
2.086512250471742602e-01 1.612131434524911033e-01 1.260901271547393288e-01 1.996126860268736536e-01 3.044328183187215431e-01
2.371034209783447755e-01 1.635418415431117156e-01 1.234304391664506617e-01 1.904487616184405707e-01 2.854755366936522765e-01
2.491664249544947307e-01 1.602302503848879456e-01 1.234642786539995596e-01 1.889354795133311726e-01 2.782035664932868690e-01
2.187474461243878454e-01 1.592942680353101881e-01 1.306536220131874759e-01 2.044871543202593511e-01 2.868175095068550839e-01
2.248084146225643454e-01 1.538833276794173976e-01 1.235016823463411656e-01 1.965038405661574117e-01 3.013027347855196103e-01
2.181811343004731452e-01 1.678332292716323004e-01 1.286403608075287752e-01 2.008223924545650685e-01 2.845228831658007662e-01
2.102710910889375728e-01 1.514062773080108726e-01 1.242728006306063754e-01 2.034850925898948615e-01 3.105647383825501651e-01
2.229782391419426468e-01 1.553403295927660299e-01 1.242640519496337054e-01 1.975393086132200271e-01 2.998780707024372161e-01
2.213666717725130406e-01 1.534636324550684439e-01 1.258670998585078860e-01 1.910765066907004761e-01 3.082260892232100979e-01
2.471362961254210955e-01 1.628840606116895295e-01 1.211957583863188248e-01 1.927557052504803026e-01 2.760281796260898868e-01
2.230428310911849454e-01 1.524058770220217129e-01 1.256367123743728775e-01 1.947372615257897122e-01 3.041773179866303911e-01
2.423021283486900268e-01 1.546421095382184974e-01 1.252443089459437942e-01 2.036315150849707933e-01 2.741799380821764998e-01
2.188173547423851728e-01 1.545398651096508980e-01 1.275205125205452761e-01 2.030391531860260834e-01 2.960831144413924032e-01
2.371699182771850323e-01 1.543873922495665463e-01 1.249014294509370598e-01 1.904966866839839790e-01 2.930445733383271190e-01
2.585618740437153340e-01 1.454751704407536428e-01 1.211751769809273904e-01 1.894974902475606016e-01 2.852902882870430590e-01
2.232577357304471877e-01 1.572858640967303157e-01 1.218904693571472575e-01 1.983303671359511189e-01 2.992355636797238150e-01
2.327929942620286796e-01 1.507772282516709195e-01 1.258004690656755464e-01 1.978828118143248493e-01 2.927464966063001994e-01
2.345293217651118756e-01 1.614484081234355828e-01 1.250799973606706028e-01 1.977348834727416516e-01 2.812073892780405093e-01
2.346837024861438414e-01 1.495594247612923866e-01 1.208927365114452201e-01 1.945579099335665030e-01 3.003062263075515492e-01
2.179919527812959612e-01 1.598520345124294084e-01 1.277227133403787684e-01 1.904018267824180433e-01 3.040314725834782905e-01
2.415218444983604218e-01 1.537124965251951136e-01 1.291652967457145584e-01 1.895089640731652258e-01 2.860913981575645693e-01
2.221184412871911318e-01 1.526571442866915818e-01 1.251197777149912482e-01 1.982468339734828611e-01 3.018578027376425110e-01
2.467431052084842757e-01 1.587119487589491729e-01 1.237653267484017938e-01 1.890344791725049878e-01 2.817451401116596310e-01
2.432944573760917883e-01 1.644425970162771977e-01 1.248647536838207034e-01 1.958040684194119752e-01 2.715941235043984325e-01
2.834404486549329527e-01 1.467542583856678295e-01 1.191016715481442168e-01 1.860014518038403120e-01 2.647021696074147168e-01
2.316747188084837816e-01 1.557613428530811306e-01 1.303407911087175186e-01 2.030288228807987372e-01 2.791943243489185544e-01
2.303686229844952305e-01 1.522529572470852355e-01 1.243440130616036143e-01 1.950351766099383544e-01 2.979992300968774543e-01
2.498071133366984720e-01 1.526761839353838190e-01 1.166198667842896913e-01 1.911446839905955042e-01 2.897521519530327216e-01
2.104563471186856605e-01 1.544516410563030739e-01 1.282454484845875209e-01 2.059162113725555576e-01 3.009303519678682148e-01
2.315072130773155046e-01 1.637347688677608382e-01 1.286690262127647144e-01 1.978353406971115058e-01 2.782536511450474648e-01
2.176408218566109887e-01 1.626473024961218317e-01 1.286488927510837932e-01 2.014882513794962471e-01 2.895747315166870006e-01
2.118086171265226025e-01 1.607129890323029109e-01 1.280741549449465055e-01 1.944016797172807565e-01 3.050025591789471968e-01
2.326018559813764208e-01 1.566056197750471113e-01 1.231140219485300641e-01 1.966488037031065839e-01 2.910296985919395008e-01
2.010456081326394695e-01 1.564187090604699792e-01 1.296381403140142718e-01 2.071214273368353065e-01 3.057761151560409174e-01
2.466505997036036457e-01 1.578124005105700223e-01 1.258507493916213305e-01 1.985252619289279985e-01 2.711609884652761426e-01
2.446250726785094143e-01 1.598922972563014966e-01 1.232484790999510693e-01 1.858288660222620070e-01 2.864052849429760128e-01
2.436563015374443586e-01 1.498342307912426952e-01 1.240626804843361630e-01 1.963354712783637324e-01 2.861113159086132729e-01
2.197406050485739004e-01 1.543338022383386743e-01 1.257563694075708172e-01 2.002236401855231607e-01 2.999455831199930311e-01
2.247784996404258717e-01 1.619014944003584477e-01 1.311362264784398379e-01 1.974980989136882747e-01 2.846856805670872625e-01
2.134681091861120317e-01 1.507873086595369061e-01 1.232180031297265416e-01 2.015295617187410626e-01 3.109970173058834164e-01
2.110604778785740432e-01 1.578939744221838359e-01 1.313117391090691810e-01 2.041577713745792444e-01 2.955760372155937232e-01
1.946037073166619058e-01 1.448362577351045843e-01 1.276236645405878223e-01 2.118189772861169273e-01 3.211173931215287602e-01
2.422449395497110747e-01 1.498181311800427795e-01 1.267209665480246994e-01 2.012556931438388430e-01 2.799602695783829920e-01
2.051696675997113917e-01 1.616969698961866486e-01 1.380980913645346031e-01 2.059502749416078915e-01 2.890849961979592431e-01
2.096910839922703773e-01 1.613013710513754584e-01 1.306620506533834603e-01 1.993356162249751151e-01 2.990098780779954502e-01
2.604773344610844532e-01 1.503389034430139548e-01 1.133584991042777546e-01 1.872771447937555123e-01 2.885481181978680199e-01
2.120309983659774411e-01 1.568553681962497615e-01 1.280847515581218232e-01 2.056048225464653101e-01 2.974240593331854976e-01
1.981297948917053464e-01 1.543553306547294224e-01 1.299227111596714668e-01 2.063999422750906754e-01 3.111922210188027282e-01
2.354150930421014809e-01 1.499471938574722107e-01 1.185512484664707766e-01 1.951908956941143802e-01 3.008955689398408739e-01
2.460537597457923276e-01 1.527870246900974172e-01 1.183958786298969640e-01 1.907532891678475062e-01 2.920100477663654659e-01
2.351589454591656303e-01 1.525222823364426050e-01 1.291997395520154690e-01 1.978373819740880946e-01 2.852816506782884232e-01
2.152731969282790647e-01 1.588177377424232484e-01 1.340153074224790797e-01 2.129750947999841659e-01 2.789186631068345523e-01
2.206038630282749768e-01 1.518729887790904454e-01 1.259408806091755484e-01 2.016553164299005885e-01 2.999269511535583299e-01
2.215054855903375586e-01 1.505141075320975408e-01 1.224577059692367742e-01 2.017964826048215254e-01 3.037262183035064900e-01
2.123425085815714430e-01 1.556875472462066756e-01 1.310588143996652688e-01 2.053405897298121729e-01 2.955705400427445784e-01
2.158180859850099831e-01 1.542465081868717725e-01 1.333184187169302592e-01 2.010817150225019390e-01 2.955352720886861850e-01
2.141489386744185597e-01 1.550252330475433149e-01 1.311007040007850788e-01 2.035571181146723085e-01 2.961680061625803773e-01
2.520297811090960183e-01 1.563348961477672716e-01 1.227869679634606276e-01 1.916401565892845160e-01 2.772081981903913306e-01
2.112181854334544417e-01 1.578704756800543840e-01 1.266685686198077698e-01 2.080731461304144436e-01 2.961696241362692938e-01
2.297430062307802001e-01 1.567350477896272964e-01 1.231060847946480602e-01 1.961466976730329159e-01 2.942691635119113469e-01
2.238664604284431869e-01 1.496475634110155661e-01 1.216306989296662561e-01 2.024443465739578230e-01 3.024109306569171540e-01
2.097472966480421475e-01 1.652884655181713347e-01 1.262514045792213768e-01 1.956775851732616978e-01 3.030352480813033322e-01
2.311344525975724262e-01 1.568909133653063892e-01 1.244238482984731248e-01 1.957250327962601344e-01 2.918257529423879948e-01
2.257959916280067314e-01 1.535100296824309929e-01 1.256290494854361561e-01 1.962624905385819130e-01 2.988024386655439568e-01
2.532923620171035894e-01 1.477903808582784195e-01 1.192916944020213504e-01 1.917488683662565696e-01 2.878766943563397795e-01
2.412489766194042540e-01 1.502808642202321798e-01 1.201944009339869918e-01 1.909695252444044700e-01 2.973062329819725624e-01
2.196342381703803304e-01 1.506619242539729286e-01 1.276624103977507252e-01 1.995687993529125792e-01 3.024726278249834088e-01
2.083208887011157306e-01 1.590201541618350423e-01 1.309506520405842589e-01 1.993721727592935311e-01 3.023361323371717146e-01
2.272029494676790218e-01 1.527896338145248167e-01 1.231092626230042980e-01 1.877617318628235499e-01 3.091364222319681332e-01
2.417109379691708138e-01 1.758477367283469150e-01 1.278756739897307093e-01 1.939396020042266355e-01 2.606260493085249541e-01
2.559084169238588502e-01 1.588306214948855266e-01 1.234657292556114172e-01 1.921335109496935534e-01 2.696617213759503473e-01
2.153585477987409735e-01 1.613268218212658700e-01 1.270555672961605209e-01 1.929306771112520025e-01 3.033283859725807163e-01
2.270914130974656386e-01 1.489538935651938956e-01 1.234249147637304922e-01 1.972125359760363017e-01 3.033172425975740882e-01
